soup
[[-0.52222752 -0.0976978  -0.84719157  0.53]
 [ 0.85173699 -0.01002188 -0.5238737   -0.17]
 [ 0.04269086 -0.99516567  0.08844653  0.03030285]
 [ 0.          0.          0.          1.        ]]
mustard
[[-0.52222752 -0.0976978  -0.84719157  0.3]
 [ 0.85173699 -0.01002188 -0.5238737   0.25]
 [ 0.04269086 -0.99516567  0.08844653  0.03030285]
 [ 0.          0.          0.          1.        ]]
meat
[[-0.52222752 -0.0976978  -0.84719157  0.3]
 [ 0.85173699 -0.01002188 -0.5238737   0.0]
 [ 0.04269086 -0.99516567  0.08844653  0.03030285]
 [ 0.          0.          0.          1.        ]]
gelatin
[[-0.52222752 -0.0976978  -0.84719157  0.4]
 [ 0.85173699 -0.01002188 -0.5238737   -0.1]
 [ 0.04269086 -0.99516567  0.08844653  0.03030285]
 [ 0.          0.          0.          1.        ]]

